0.31575
0.074765
0.073607
0.0727699
0.0731645
0.0749402
0.0751827
0.0735307
0.0733211
0.0734932
0.0741746
0.0742252
0.0727544
0.0722373
0.0727758
0.0725348
0.0724792
0.0734754
0.0753081
0.074187
0.0728264
0.0731959
0.0735066
0.0723431
0.074338
0.072685
0.0743597
0.0726697
0.0724905
0.072686
0.0925288
0.0885675
0.0767448
0.0737009
0.0723984
0.220834
0.0740712
0.0814271
0.0742595
0.074847
0.0736189
0.0770886
0.0735073
0.0750928
0.0726237
0.0729568
0.0731268
0.0722353
0.0732439
0.0722115
0.073441
0.071362
0.0719669
0.0723541
0.07268
0.0723293
0.0724769
0.0723181
0.0726268
0.0722182
0.0723927
0.0716827
0.0726151
0.0751388
0.0727758
0.0726023
0.073225
0.0730608
0.0722258
0.0732102
0.0755842
0.0721071
0.0731828
0.0737832
0.0728602
0.0728807
0.0727344
0.0718875
0.072468
0.0715013
0.0728397
0.0717688
0.0725899
0.0808165
0.0715754
0.0737956
0.0721695
0.0723987
0.0726514
0.0722301
0.0741277
0.0733745
0.0725238
0.0724673
0.0730126
0.072262
0.0720532
0.0772369
0.0732458
0.0727656
0.0720053
0.0721533
0.0754273
0.0749397
0.0729132
0.0719695
0.073086
0.0726075
0.0726898
0.0717673
0.0762444
0.0742891
0.0717306
0.072026
0.0726831
0.0722556
0.0740476
0.0737906
0.0745862
0.0720401
0.0724876
0.0726333
0.0736198
0.0764394
0.0720134
0.0720224
0.0731492
0.0719254
0.0723186
0.0737326
0.0760119
0.0724845
0.0722868
0.0726807
0.0731091
0.0723038
0.0721672
0.0735655
0.0726931
0.0723209
0.0732508
0.0721653
0.0734429
0.0721803
0.0727911
0.0722535
0.072525
0.0722427
0.0769644
0.072556
0.0744002
0.0727527
0.0725119
0.0720875
0.0741284
0.072598
0.0732822
0.0737598
0.0736713
0.071799
0.0732524
0.0725689
0.0726869
0.0720837
0.0737813
0.0721757
0.0749476
0.0722778
0.0724158
0.0721862
0.0733821
0.0733037
0.0720289
0.072335
0.0729246
0.0722585
0.0743456
0.0751228
0.0748477
0.0731432
0.0722797
0.0724645
0.0727024
0.0754595
0.0723598
0.0721092
0.0891585
0.087476
0.0728967
0.072701
0.0751939
0.0733399
0.0721619
0.0720215
0.0721025
0.0727072
0.0725753
0.0805359
0.0718296
0.0727594
0.0719662
0.0724089
0.0743492
0.0728168
0.0717967
0.0719056
0.0730488
0.0721388
0.0723779
0.0720248
0.0739038
0.071913
0.0723863
0.0752037
0.0724974
0.0722916
0.0759783
0.0727699
0.0723476
0.0740201
0.0720291
0.0732398
0.0722251
0.0742235
0.0727532
0.0730186
0.0725977
0.0723178
0.0725753
0.0742254
0.0732658
0.0723181
0.0725875
0.0745623
0.0726874
0.0724096
0.07409
0.0779107
0.0730166
0.0719528
0.0720756
0.0727372
0.074055
0.0732806
0.0725145
0.073863
0.0727646
0.0755565
0.0721297
0.073211
0.0810149
0.0723519
0.0725834
0.0731866
0.072084
0.0722802
0.0738199
0.0739195
0.0726373
0.0723557
0.0762591
0.0736287
0.0725029
0.0749862
0.0777161
0.0729771
0.0730622
0.0719807
0.0722196
0.0728185
0.0743997
0.0751207
0.0734122
0.0732884
0.0724683
0.0746758
0.0730979
0.0746777
0.0740154
0.0795426
0.0736823
0.0731745
0.0722511
0.0743988
0.0723047
0.0725172
0.0736251
0.0720644
0.0734861
0.0733612
0.0756559
0.0742626
0.0734038
0.0741282
0.0726683
0.07217
0.0739009
0.0821934
0.074398
0.072114
0.072516
0.0732796
0.0727551
0.0733728
0.0725288
0.0790834
0.0734472
0.0721712
0.0727448
0.0737181
0.0740261
0.0732195
0.0752082
0.0735469
0.0721786
0.0720711
0.0735552
0.0812783
0.0724528
0.0729957
0.0723567
0.0734141
0.0728855
0.0721557
0.0723915
0.0746176
0.0738175
0.072197
0.0724044
0.0729072
0.0745528
0.0736184
0.0728915
0.0741525
0.0735867
0.072226
0.0734565
0.0888793
0.0727079
0.0724339
0.0729973
0.0724247
0.0728614
0.0723765
0.0730252
0.072875
0.0730464
0.0736437
0.0731471
0.0732279
0.0749731
0.0718286
0.0724671
0.0735655
0.0729244
0.0729544
0.0763121
0.0801606
0.0720785
0.0725379
0.0722706
0.0742702
0.0732687
0.0736482
0.0728986
0.0730357
0.0737855
0.0725393
0.0731707
0.0729465
0.0742679
0.0722013
0.0732813
0.0734916
0.0719044
0.0737648
0.0725043
0.0748823
0.0722761
0.0722797
0.0721531
0.0723541
0.0725927
0.072706
0.0732481
0.0723367
0.0728228
0.0723801
0.0719233
0.0736206
0.0744193
0.0882401
0.0811715
0.0805955
0.0735266
0.0739796
0.0742168
0.0725408
0.072037
0.0721016
0.0730963
0.0722399
0.0789847
0.0731041
0.0729473
0.071907
0.0728266
0.07865
0.0729682
0.0752749
0.0743399
0.0718403
0.0732031
0.0722747
0.0720978
0.0731332
0.0756359
0.0722833
0.0721011
0.0725067
0.0726798
0.0718939
0.0720978
0.0750673
0.0733085
0.0720856
0.0724852
0.0722771
0.0735753
0.0752771
0.0748522
0.0722606
0.0724642
0.0723956
0.0716176
0.0730739
0.0821886
0.0729699
0.0727644
0.0722215
0.0723162
0.0720735
0.072283
0.0733016
0.0766063
0.0731261
0.0723531
0.0726225
0.0738487
0.0754538
0.0733185
0.0722387
0.0760713
0.0729239
0.0722148
0.0727627
0.0730431
0.0861485
0.0730267
0.0731153
0.0741026
0.0723453
0.0723684
0.0736911
0.0823786
0.0724154
0.0737243
0.0719221
0.0737002
0.0749931
0.0728502
0.0727365
0.0724306
0.0732009
0.0722258
0.0736611
0.0722179
0.0736976
0.0728781
0.0728693
0.0727687
0.0728927
0.0726855
0.0729795
0.0729604
0.0726063
0.0749276
0.0738127
0.0729878
0.0747924
0.0747941
0.073076
0.072269
0.0722733
0.0794044
0.0742116
0.0725007
0.0804551
0.0725439
0.0736201
0.0722969
0.0735052
0.0726857
0.07335
0.0729375
0.072331
0.0723138
0.0725346
0.0737669
0.0735006
0.0734508
0.0729785
0.0897212
0.0718782
0.0727236
0.0732415
0.0722575
0.0736341
0.0776939
0.072978
0.0723178
0.0745568
0.0734293
0.0749571
0.0721953
0.0722425
0.071734
0.0728564
0.0722885
0.077307
0.0821075
0.0756054
0.0734339
0.0742447
0.0735726
0.073169
0.072998
0.0725045
0.0735669
0.0729775
0.0730085
0.0768626
0.0748539
0.0761302
0.0726612
0.072906
0.0744524
0.0731986
0.0722725
0.0753431
0.0760179
0.0728555
0.0723076
0.081454
0.0733988
0.0730147
0.0722504
0.0731618
0.0729356
0.072947
0.0723047
0.073034
0.0744495
0.0819914
0.0724812
0.0721254
0.0733726
0.0728526
0.0787735
0.0753195
0.0783811
0.0740809
0.0729897
0.0795257
0.0726693
0.0848889
0.0726116
0.0723572
0.0729411
0.0730798
0.0720873
0.0719368
0.0753541
0.0743873
0.0743313
0.0796099
0.0724981
0.0725675
0.0728462
0.0738153
0.0735083
0.0723062
0.0729272
0.0727808
0.0726728
0.0753222
0.0746255
0.07443
0.076153
0.0794518
0.0737009
0.0727477
0.0765712
0.0759194
0.0722971
0.0722382
0.0737579
0.0835719
0.0807712
0.0727687
0.0728581
0.0728979
0.0740528
0.0733182
0.07286
0.0724232
0.0730746
0.0720184
0.0725131
0.0723679
0.0825348
0.0759382
0.0743673
0.0826573
0.0723262
0.0719624
0.0802331
0.0729711
0.0769525
0.0768859
0.0742009
0.072247
0.0720346
0.0739827
0.0740409
0.0737202
0.0729892
0.0730655
0.0742173
0.0725203
0.07254
0.0722871
0.0786252
0.0805209
0.0722675
0.0738649
0.0731835
0.0723159
0.0726924
0.071995
0.0725787
0.0729496
0.0727952
0.0756092
0.0727012
0.0739117
0.0728476
0.0726354
0.0734231
0.0726581
0.0724056
0.072684
0.0754595
0.0741177
0.0723903
0.0737691
0.074712
0.0721269
0.0724118
0.0723782
0.0739994
0.0730405
0.0736589
0.0740676
0.0720928
0.0766785
0.072212
0.0728548
0.0726986
0.0728226
0.0722053
0.0728331
0.0744226
0.0733025
0.0723152
0.073205
0.0751555
0.0793839
0.0733974
0.0724535
0.0746896
0.0737498
0.0730283
0.0731719
0.0766828
0.0742822
0.0724561
0.0722561
0.0731084
0.0725784
0.0722539
0.0745296
0.0742958
0.0726779
0.0725968
0.072983
0.0736377
0.0726821
0.0726442
0.0720119
0.0724533
0.0740871
0.0727186
0.0762451
0.0727561
0.0748668
0.072602
0.0726185
0.0728812
0.0721631
0.0723321
0.0723405
0.0773189
0.072506
0.0720766
0.0727139
0.0742774
0.0726273
0.0740271
0.07284
0.081944
0.0758619
0.0728133
0.072942
0.0738206
0.076139
0.0749507
0.0729561
0.077415
0.075346
0.0719001
0.0724068
0.0725358
0.0734644
0.0727603
0.0731032
0.0727572
0.0726709
0.0749435
0.0731943
0.081444
0.0728948
0.073756
0.073369
0.0725131
0.0888624
0.0725422
0.0732374
0.0726504
0.0726125
0.0722554
0.0743587
0.0721469
0.0731809
0.0727789
0.0772166
0.0825815
0.0735567
0.0723801
0.0726068
0.072417
0.0726275
0.0773296
0.0725515
0.0725422
0.0723345
0.0726218
0.0721109
0.0724945
0.0723934
0.0731962
0.074646
0.0726736
0.0742333
0.0733182
0.0737536
0.0723116
0.0725346
0.073458
0.074136
0.0721691
0.0776165
0.0744088
0.0722978
0.0759571
0.0721004
0.0844047
0.0801086
0.0740335
0.0725439
0.0751202
0.0764871
0.0793393
0.0729249
0.0740302
0.0732498
0.073808
0.0728796
0.0729041
0.0725629
0.0812986
0.0721498
0.0735765
0.0728359
0.0738685
0.0723777
0.0731366
0.0721765
0.0720673
0.0738957
0.0731401
0.0731671
0.0734589
0.0726247
0.0726564
0.0727949
0.0725453
0.0726194
0.0726726
0.0739553
0.0742247
0.0720561
0.0723724
0.0719185
0.0804756
0.0784564
0.0766487
0.0723732
0.0810924
0.0728972
0.072582
0.0726714
0.0724578
0.0811238
0.0736785
0.0724916
0.0736673
0.0718203
0.081748
0.0734975
0.0717564
0.0731564
0.0719466
0.0717945
0.0726216
0.0732844
0.0731471
0.0748179
0.0744855
0.082005
0.0731194
0.0731649
0.0732694
0.0743909
0.0738559
0.0723114
0.0767159
0.0722604
0.073446
0.0726569
0.0721369
0.0730143
0.0725489
0.0721631
0.0734169
0.0726023
0.0734699
0.0737686
0.0730052
0.0728438
0.0730188
0.0728807
0.0724549
0.0776019
0.07762
0.0841136
0.0817592
0.0733106
0.0731471
0.0795958
0.0721726
0.0725243
0.0723696
0.0752687
0.0726688
0.074358
0.0728445
0.0753598
0.0721524
0.0767522
0.0736279
0.0722778
0.0727935
0.0722148
0.0751941
0.0727055
0.072166
0.0730379
0.0726595
0.0721972
0.0729809
0.0726371
0.072731
0.0720975
0.0726418
0.072881
0.0725846
0.0759287
0.0722182
0.075381
0.07463
0.0735645
0.0774269
0.0721958
0.0723734
0.0725555
0.0737059
0.0748289
0.0728209
0.0721269
0.0758383
0.0723195
0.0726602
0.0720048
0.0737123
0.0729373
0.072613
0.0730519
0.0724583
0.0732422
0.0739579
0.0722141
0.0733082
0.0731022
0.0724316
0.0723591
0.072443
0.072108
0.0726454
0.0727623
0.0743091
0.0807085
0.0742557
0.0736599
0.0725873
0.0760429
0.0727756
0.0822189
0.0722005
0.0735748
0.071924
0.0726733
0.0870931
0.076273
0.0723157
0.0734503
0.0727711
0.0814261
0.0725985
0.0720289
0.0724881
0.0717928
0.0817301
0.0866218
0.0726399
0.0726664
0.0747919
0.072593
0.0727937
0.0733404
0.072557
0.0727823
0.0731049
0.0720727
0.0722556
0.0735092
0.0786033
0.0732708
0.0734107
0.0735252
0.0722654
0.0742624
0.0757401
0.0733299
0.0736074
0.0724993
0.0816762
0.0724318
0.0730364
0.0771503
