0.0734184
0.0726161
0.0775061
0.0725327
0.0725014
0.0746479
0.181491
0.0731356
0.0748963
0.0730994
0.0721662
0.0735931
0.0736842
0.0729735
0.0736749
0.0727847
0.0784612
0.0915735
0.077965
0.0794106
0.0842295
0.0784883
0.0785468
0.0776014
0.0721908
0.0762465
0.0751414
0.0721016
0.0714269
0.0717258
0.0756557
0.0730438
0.0734022
0.0723937
0.0726674
0.0719888
0.071846
0.0746138
0.0768311
0.0716777
0.0740168
0.0715213
0.0724492
0.0732174
0.0727272
0.0725448
0.0721922
0.0720673
0.0739031
0.0721228
0.0751994
0.0713656
0.0732965
0.073765
0.073355
0.0722194
0.072211
0.0727088
0.0743356
0.07286
0.0753913
0.0714121
0.0723925
0.0755925
0.0719223
0.0733862
0.0734982
0.0741339
0.0723016
0.0722163
0.0730479
0.0725091
0.0716341
0.0719047
0.0732498
0.0719399
0.0723484
0.0745475
0.0727983
0.0723474
0.0733473
0.0719364
0.0729237
0.0734186
0.0717206
0.0726237
0.0731106
0.0725243
0.0722382
0.0719213
0.074054
0.071862
0.0721495
0.0744033
0.0720122
0.072139
0.0718811
0.0726645
0.0721405
0.0713835
0.0741253
0.072305
0.0729103
0.0756395
0.0738807
0.071589
0.07201
0.0736315
0.0722201
0.0719447
0.0746827
0.0721309
0.0727885
0.0719092
0.0724723
0.0736444
0.0717645
0.0739141
0.0725093
0.0719154
0.0735502
0.0722544
0.0720959
0.0727193
0.0724266
0.0715632
0.0728247
0.0737865
0.0717497
0.0772145
0.0778441
0.0714087
0.076746
0.0735469
0.072746
0.073591
0.074203
0.0743372
0.07214
0.0717943
0.0788586
0.0720212
0.0742238
0.0737448
0.0722065
0.0712788
0.072969
0.0844188
0.0719631
0.0718074
0.0747054
0.0717554
0.0730951
0.0716586
0.0730801
0.0738809
0.071496
0.0722518
0.0722473
0.0715051
0.0746512
0.0717325
0.0721691
0.074965
0.0724573
0.0718346
0.0807905
0.0743046
0.0754616
0.0722885
0.0777712
0.0719893
0.0736229
0.0720165
0.0732894
0.0736785
0.0747421
0.0739281
0.0736251
0.0736492
0.0725665
0.0743213
0.0722668
0.075151
0.0724053
0.0729959
0.0727966
0.0728555
0.0737252
0.072221
0.0740077
0.0718832
0.0730629
0.0710278
0.0741241
0.0720298
0.073715
0.074378
0.0722451
0.0721462
0.0715675
0.0715899
0.0720599
0.0755594
0.0741103
0.0733194
0.0716522
0.0729804
0.07251
0.0714397
0.0729084
0.0720749
0.0723648
0.0738029
0.0728369
0.071672
0.0721874
0.0735326
0.0755472
0.0712585
0.0752952
0.0745254
0.0717773
0.0756979
0.0752704
0.0803626
0.0744247
0.0722599
0.0738819
0.0728836
0.0728807
0.0727525
0.0718384
0.0743561
0.0722327
0.0715134
0.0734627
0.073401
0.0743098
0.0712414
0.0732944
0.0718665
0.0791972
0.0742104
0.0724061
0.0718002
0.0734107
0.0718939
0.0756402
0.0760145
0.072145
0.0721531
0.0718112
0.0799832
0.0724516
0.0717831
0.0735061
0.0723827
0.0727558
0.0743287
0.0733826
0.0759046
0.07319
0.0740049
0.0738575
0.0725653
0.0740938
0.0719256
0.0736971
0.0767546
0.0727081
0.0726531
0.0724392
0.0755095
0.0767639
0.0763104
0.0748446
0.071635
0.0721433
0.0731871
0.0823376
0.0716481
0.0791512
0.0937359
0.0979965
0.0738027
0.0730309
0.0717757
0.0723782
0.0735126
0.071878
0.07286
0.0744925
0.0725543
0.0725663
0.0729897
0.0727224
0.0786269
0.0724087
0.072835
0.0727503
0.0749304
0.0750041
0.071821
0.081248
0.0733969
0.0720589
0.0722897
0.081435
0.0732434
0.0719345
0.0718505
0.0798969
0.0751207
0.0726943
0.0792243
0.0716541
0.0731947
0.0738764
0.0728915
0.0722711
0.0780833
0.073019
0.0730996
0.0721233
0.0738153
0.0729992
0.0736272
0.0725064
0.0746403
0.0723064
0.0736637
0.0723128
0.0719202
0.075633
0.0760624
0.0725
0.0728021
0.0725482
0.072952
0.0729926
0.0722637
0.0782626
0.0729795
0.0724323
0.0741544
0.0725455
0.0759621
0.0719268
0.0723617
0.0714929
0.0725625
0.071903
0.0729656
0.0733199
0.0748699
0.0722017
0.0723989
0.0733142
0.0786314
0.0718839
0.0716403
0.0784857
0.0721941
0.0736678
0.0729661
0.0728698
0.0728855
0.073416
0.0721962
0.0726793
0.0726175
0.0725706
0.0721679
0.0720527
0.0761666
0.0730929
0.072638
0.0741208
0.0736711
0.0719905
0.0751467
0.0725882
0.0720763
0.0728848
0.0757828
0.0730064
0.0787807
0.0752165
0.0736923
0.0735502
0.0739892
0.0720878
0.0722246
0.0784204
0.0724761
0.0721684
0.0746455
0.0736785
0.0725503
0.0749118
0.0739388
0.0744364
0.0723436
0.0732429
0.0742943
0.0729964
0.0736771
0.0777473
0.0714388
0.072813
0.0743575
0.0758386
0.071502
0.0724585
0.0723307
0.0720439
0.0716672
0.0742848
0.0716493
0.0744834
0.0741134
0.073163
0.0720053
0.0815153
0.0731268
0.0753341
0.0723801
0.076587
0.0733862
0.0741601
0.0726187
0.0721898
0.0747037
0.0773594
0.0723505
0.0726278
0.0735388
0.0779064
0.0721622
0.0715792
0.075295
0.0721142
0.071245
0.0798135
0.073554
0.074367
0.0714765
0.0729084
0.0763872
0.0795555
0.0775924
0.072134
0.0740921
0.0766101
0.0733511
0.0739703
0.0730419
0.0743518
0.0726535
0.0748558
0.0728295
0.072026
0.0738058
0.0750613
0.0718391
0.0765624
0.0735984
0.0726054
0.0716932
0.0789824
0.0788817
0.0727837
0.0727296
0.0780089
0.0717263
0.0721614
0.075367
0.072695
0.0737951
0.0717494
0.075151
0.0736306
0.0808094
0.0739908
0.0727575
0.0841837
0.0849197
0.0921798
0.0739448
0.0751741
0.0724912
0.0731394
0.0888762
0.0846155
0.0736837
0.0812116
0.0721858
0.0754473
0.0745349
0.0774548
0.0719776
0.0718787
0.076556
0.072304
0.0727887
0.0764284
0.0733159
0.073051
0.0726695
0.0722713
0.0717187
0.0754597
0.0735428
0.071784
0.0726728
0.0791545
0.0717363
0.0761442
0.0849006
0.0736992
0.0713842
0.0733013
0.0718186
0.0741582
0.0752459
0.073698
0.0742702
0.071651
0.0741327
0.0710382
0.0747216
0.0731974
0.0743799
0.0713716
0.0733166
0.0784001
0.0735555
0.074909
0.0722897
0.0723422
0.175284
0.0736754
0.0754292
0.0758822
0.0754018
0.0728893
0.0800018
0.07528
0.0727782
0.0774095
0.0721118
0.0773501
0.0736809
0.0746505
0.0723462
0.0739377
0.0890167
0.072439
0.0720589
0.0730748
0.0747118
0.0723984
0.0719056
0.0740597
0.0731635
0.0718274
0.0759966
0.0718508
0.0762823
0.075877
0.0724521
0.0734982
0.0774884
0.0717523
0.0714543
0.0724704
0.0768025
0.0722275
0.0717661
0.07355
0.0766437
0.0718496
0.0754907
0.0718756
0.0734055
0.0748141
0.0739634
0.0716403
0.0721962
0.076297
0.0717444
0.0736849
0.075074
0.0724986
0.0750799
0.0787976
0.073621
0.0734789
0.0716677
0.0737526
0.0715311
0.0741644
0.0760517
0.0725982
0.0718994
0.088279
0.072072
0.0742753
0.0732119
0.0735843
0.0729513
0.0736322
0.0752687
0.0719774
0.0719421
0.073638
0.0765467
0.0724254
0.0730972
0.0745142
0.0736732
0.0745771
0.0743783
0.074755
0.0748453
0.0743041
0.0725236
0.0726733
0.072696
0.0723314
0.0721879
0.075871
0.0755861
0.0743585
0.0738773
0.074914
0.0721805
0.0729461
0.0740311
0.0738089
0.0744162
0.0764973
0.0735927
0.0806439
0.0736573
0.0744388
0.0832198
0.0725062
0.0747066
0.0723007
0.0723236
0.0745683
0.0739052
0.074585
0.072726
0.0742517
0.0720372
0.0722473
0.0752294
0.0725005
0.0718174
0.0715368
0.0772388
0.0725195
0.0723808
0.0749638
0.0739689
0.0732393
0.0747485
0.0718508
0.0722978
0.0743952
0.0722449
0.0720949
0.0720227
0.0730019
0.07201
0.075
0.077301
0.0758636
0.0808041
0.0772448
0.0730333
0.0721538
0.0744383
0.0733194
0.0740306
0.077348
0.0739341
0.0743184
0.0758247
0.0728612
0.0716174
0.0839834
0.0718124
0.0797198
0.0734425
0.0724404
0.07163
0.0852373
0.0746698
0.0720196
0.083009
0.0736961
0.0771534
0.0721796
0.0747824
0.0733938
0.0721912
0.0740714
0.0716567
0.0727961
0.0720696
0.0721374
0.0715511
0.0723586
0.0799003
0.0736821
0.0742054
0.0751131
0.075068
0.0719855
0.0726745
0.0723836
0.0743895
0.0813406
0.0719848
0.0720117
0.073122
0.0761013
0.0731256
0.0723653
0.0857697
0.0734291
0.0725498
0.0728238
0.0738835
0.0721765
0.0718384
0.076416
0.0781972
0.0719969
0.0768182
0.0723133
0.072118
0.0769343
0.0724595
0.0722668
0.0722189
0.0739727
0.0749962
0.072531
0.0748427
0.0730491
0.0746851
0.0769417
0.0809715
0.0723703
0.0730071
0.0718822
0.0834322
0.0719192
0.0755684
0.0751805
0.0732765
0.0767808
0.0723839
0.073127
0.0826108
0.0730093
0.0746677
0.0727508
0.0731387
0.0812709
0.0805671
0.084954
0.0731554
0.0740333
0.0736406
0.0732358
0.0748062
0.0761571
0.0733347
0.074012
0.073236
0.0718684
0.0724297
0.0745616
0.0730832
0.0740929
0.074224
0.0728104
0.0737388
0.071986
0.0802524
0.0725658
0.0745795
0.0790215
0.0712543
0.0724089
0.0829551
0.0818584
0.0723095
0.0864618
0.0734718
0.0729837
0.0733919
0.0725067
0.081866
0.0750589
0.072536
0.0723033
0.0734446
0.0735564
0.0728886
0.0727663
0.0753801
0.0726006
0.0728209
0.0737593
0.0746357
0.0727952
0.0755956
0.0727103
0.0749068
0.0737967
0.0734904
0.0737698
0.0808218
0.0730748
0.0721228
0.0719597
0.0925844
0.0721693
0.0818889
0.0849881
0.0733607
0.0727422
0.074858
0.07688
0.0730362
0.0723109
0.0719342
0.0738442
0.0724671
0.0731001
0.072382
0.0727475
0.0756304
0.0718896
0.0779521
0.0757356
0.0899785
0.0724063
0.0725136
0.073549
0.0741782
0.0765693
0.0736854
0.0720882
0.0803359
0.0738921
0.073283
0.0739944
0.0765231
0.0774629
0.0727682
0.078094
0.072629
0.0885844
0.0720763
0.0726581
0.0740194
0.0726321
0.0728605
0.0773063
0.0729704
0.0750067
0.0799181
0.0742857
0.0771277
0.0717695
0.072479
0.082757
0.0768619
0.0765212
0.0855448
0.0823605
0.0787628
0.0774786
0.0789771
0.0769064
0.0775886
0.0804591
0.0776453
0.0758414
0.0783355
0.0777326
0.0759816
0.0794902
0.0750887
0.0756533
0.0782208
0.0773365
0.0770576
0.0794713
0.0758317
0.0750051
0.0787923
0.0799005
0.0791309
0.0762544
0.0811398
0.0763981
0.0779119
0.0786934
0.0774486
0.0775907
0.0789733
0.078625
0.0776603
0.079736
0.0804851
0.0791137
0.0792305
0.0752337
0.0740297
0.0764303
0.0782826
0.0798965
0.0793786
0.0765848
0.0768275
0.0803735
0.0809598
0.0780575
0.0779376
0.0766435
0.0756493
0.0894396
0.07686
0.0764983
0.0776179
0.0756733
0.0752778
0.0794632
0.0779092
0.0768399
0.0776775
0.0768206
0.0746222
0.0782647
0.0790734
0.0791266
0.0768433
0.0778375
0.0778923
0.078918
0.0837708
0.0803993
0.0771258
0.0807784
0.0789318
0.0785413
0.0832191
0.0797138
0.0779498
0.0812538
0.0788903
0.076319
0.0814958
0.0818462
0.0783491
0.0809314
0.0781286
0.0768585
0.0796382
0.0791895
0.0799818
0.0813699
0.0783012
0.0768447
0.0794027
0.0809026
0.0785213
0.0785596
0.0794003
0.0774415
0.0791044
0.0837438
0.0788958
0.0783288
0.0793898
0.0785367
0.077019
0.081871
0.0790212
0.0782332
0.0786254
