0.0456557
0.0437274
0.0435529
0.044065
0.0499773
0.0554445
0.0437348
0.0486426
0.0550261
0.0533767
0.0533803
0.0563827
0.0435138
0.0478654
0.0547824
0.0456762
0.0484009
0.0444589
0.0522878
0.0544908
0.152978
0.0462358
0.0545743
0.0430243
0.0530117
0.0429571
0.0428736
0.0586078
0.0573835
0.0565968
0.0489569
0.0427895
0.0448723
0.0434055
0.0444243
0.0449774
0.0493448
0.0473742
0.0566664
0.0492628
0.0478387
0.0474606
0.046293
0.0468998
0.0486395
0.0441029
0.0549033
0.056097
0.0441713
0.0511668
0.0524809
0.052763
0.0486763
0.0503619
0.0430186
0.0449526
0.0459988
0.0527842
0.0489576
0.0429792
0.0438547
0.0524874
0.0518396
0.0537963
0.0529199
0.0457129
0.0460238
0.0529485
0.0456538
0.0454786
0.0527999
0.0485177
0.0486948
0.0554204
0.0516455
0.0437529
0.0435951
0.0532303
0.0447941
0.0516737
0.0555232
0.0502143
0.0438066
0.0527635
0.0508332
0.0444653
0.0453689
0.0477369
0.0559783
0.0435514
0.049773
0.0548432
0.0525973
0.043587
0.0503409
0.0500882
0.0518217
0.0451219
0.0437431
0.0494215
0.0509081
0.0464814
0.048471
0.0581532
0.0439205
0.0548909
0.0431046
0.0455678
0.0441957
0.0459468
0.0576575
0.0572522
0.0545292
0.0525863
0.0503223
0.0467823
0.0526698
0.0540357
0.0541813
0.0518439
0.0527961
0.0604405
0.058521
0.0548904
0.0451632
0.0540481
0.0519178
0.0544178
0.0509229
0.0519958
0.0560057
0.049958
0.0569291
0.0546176
0.049542
0.0490198
0.0476456
0.0488551
0.050154
0.0478375
0.0571139
0.0452557
0.0532017
0.0569446
0.0596323
0.0498803
0.0450621
0.0526671
0.0545561
0.0435054
0.0558269
0.056155
0.0503867
0.0449147
0.0436001
0.0499933
0.0527694
0.0577328
0.0568457
0.0511515
0.060312
0.0566397
0.0504594
0.0521309
0.0582347
0.0510151
0.0452964
0.0437577
0.0524087
0.0459757
0.0603669
0.0478435
0.0543282
0.0444157
0.0528471
0.0604732
0.056685
0.0550983
0.0437524
0.0582471
0.0484025
0.0488064
0.0512238
0.0516179
0.0584447
0.0469663
0.056123
0.0586302
0.0598888
0.0429144
0.0547712
0.0599558
0.0577018
0.0558012
0.0437272
0.0521982
0.0431633
0.0474207
0.0476036
0.0473762
0.054611
0.0520525
0.0434544
0.0439899
0.0451574
0.0436952
0.0518873
0.0469465
0.0431387
0.0499604
0.0488136
0.0568645
0.0564265
0.052984
0.0621698
0.0552714
0.0560935
0.0577185
0.0453801
0.0444226
0.0605381
0.0592983
0.0438242
0.0462167
0.0449262
0.0482416
0.0433288
0.0439241
0.0598056
0.0514505
0.0443182
0.0505049
0.0551558
0.0447028
0.0642171
0.0489559
0.0568933
0.0491197
0.0519741
0.0592225
0.0579102
0.0486112
0.0632083
0.0563092
0.0438523
0.0511034
0.050405
0.0567474
0.0506699
0.05757
0.0521827
0.0488319
0.0509987
0.0471194
0.0484092
0.051095
0.060884
0.0439482
0.0531127
0.0523224
0.104204
0.06814
0.0512433
0.0573831
0.0574183
0.0438852
0.053297
0.0502527
0.0548971
0.0464888
0.0573101
0.0437133
0.0568373
0.0564351
0.0568426
0.048095
0.0600572
0.0477204
0.0513442
0.0504513
0.0516222
0.0560136
0.0548122
0.0437965
0.0443726
0.0514834
0.0436208
0.0600634
0.0651908
0.0438743
0.0438402
0.0582716
0.0493665
0.0446849
0.0601752
0.0496624
0.0630913
0.0425522
0.0597553
0.0428829
0.0645173
0.0559261
0.0436842
0.0604489
0.0420432
0.0424263
0.045089
0.0431628
0.0480833
0.0668528
0.0431485
0.0434916
0.0621591
0.0432572
0.0427587
0.0613458
0.0436227
0.0498776
0.0622454
0.0602164
0.043788
0.0444381
0.0468118
0.0463133
0.0682962
0.0431268
0.0485225
0.0435784
0.0470693
0.0468428
0.0516822
0.0605917
0.0596936
0.0540373
0.0503709
0.0576606
0.0489607
0.0505867
0.0586276
0.0505695
0.0519717
0.0531795
0.0537899
0.0540822
0.0508933
0.050952
0.0529103
0.0492682
0.0566285
0.0613568
0.0509963
0.0488405
0.0578785
0.0534861
0.0481958
0.0434749
0.0523026
0.0574477
0.0515258
0.0520823
0.0566235
0.0558639
0.0447502
0.044173
0.0575817
0.0590272
0.0465064
0.0602436
0.0429242
0.0621147
0.0542722
0.0529714
0.0526907
0.0484335
0.0524428
0.0545933
0.0497315
0.0511074
0.05164
0.0592153
0.0542042
0.0468252
0.0530107
0.0533071
0.052743
0.051666
0.0514319
0.0466132
0.0523472
0.0536251
0.0552194
0.0548584
0.053046
0.0533922
0.0524194
0.05305
0.0505168
0.059407
0.0605202
0.0580254
0.0604076
0.0553873
0.0506306
0.0543261
0.0507133
0.0434403
0.0614028
0.0495238
0.0551305
0.0520229
0.0562844
0.0537677
0.058147
0.0533736
0.0560524
0.0494692
0.0543704
0.0570667
0.0567
0.0554843
0.0540135
0.0583644
0.0522745
0.0430355
0.0620384
0.0541303
0.0518329
0.0539563
0.0616019
0.0607922
0.0510991
0.0434172
0.0465455
0.0509758
0.0613329
0.0553727
0.044656
0.0440557
0.0592315
0.062788
0.05881
0.0525334
0.0432193
0.0451908
0.0485625
0.0469859
0.0628293
0.053884
0.0469465
0.0493491
0.0458741
0.0459263
0.0465617
0.0443497
0.0463293
0.0462494
0.0491252
0.0448267
0.0453801
0.0458648
0.0451245
0.0475643
0.0600069
0.0570161
0.056283
0.0435617
0.062269
0.0573349
0.0502961
0.0596609
0.0438292
0.0437613
0.0622189
0.0488222
0.0589201
0.0500515
0.0450616
0.0614109
0.0584691
0.0568547
0.0482776
0.0539725
0.0443118
0.044477
0.0590129
0.0568557
0.0506332
0.0483744
0.0587034
0.0602217
0.0582573
0.0426886
0.0520632
0.059736
0.0589914
0.0485728
0.059577
0.0600882
0.0593789
0.051028
0.0537674
0.0534933
0.0430474
0.0456364
0.0550683
0.0540724
0.0427923
0.058152
0.0576267
0.0497184
0.0434189
0.0583518
0.0428059
0.0509996
0.0536418
0.064117
0.0504272
0.0455463
0.0460579
0.043227
0.0524426
0.0570929
0.0443685
0.0507734
0.0590532
0.0436757
0.0523865
0.0503421
0.0528243
0.0485899
0.0624247
0.0440221
0.055527
0.0587401
0.0609243
0.0587194
0.0626078
0.0587249
0.0447583
0.0434084
0.0585368
0.0506847
0.0552001
0.0603094
0.0596604
0.0487781
0.0587449
0.0511215
0.0493381
0.0579972
0.0627637
0.0649717
0.0425482
0.0432355
0.060292
0.0572228
0.0584614
0.0430875
0.0463364
0.0466347
0.0429158
0.044121
0.0437264
0.0501292
0.0451875
0.0616233
0.0492246
0.0424113
0.0436857
0.051507
0.0694814
0.0531001
0.0453889
0.0476608
0.0567193
0.0508299
0.051254
0.0656202
0.0622666
0.044184
0.0483565
0.0576894
0.0526423
0.0425079
0.0467253
0.0496824
0.0646007
0.0434034
0.0662613
0.0435371
0.042825
0.0434005
0.0439837
0.0451024
0.0452011
0.0474086
0.0515349
0.0468972
0.0590956
0.0447123
0.0558119
0.052691
0.0542426
0.0600245
0.0523036
0.05759
0.0537274
0.0569689
0.0517151
0.0613449
0.0560179
0.0544181
0.0803702
0.055927
0.0573852
0.0579066
0.0640764
0.0522475
0.0496893
0.0572824
0.0544159
0.0515249
0.0618279
0.0547223
0.0534177
0.0516586
0.0607374
0.0486338
0.0456829
0.0468342
0.0550413
0.0540271
0.0568583
0.0568132
0.0449221
0.0531914
0.0567605
0.054318
0.0519583
0.0511749
0.051218
0.0504427
0.0503359
0.0601442
0.058171
0.0522614
0.0567925
0.054728
0.0552151
0.0517156
0.0572681
0.0530629
0.057632
0.0558102
0.0433302
0.0557833
0.0454459
0.0587139
0.0515938
0.0503173
0.0520155
0.0429752
0.063643
0.0542281
0.0456576
0.0497577
0.0612705
0.0517771
0.055459
0.0534868
0.0437624
0.0459676
0.0595026
0.0466044
0.0570383
0.052932
0.0512722
0.0431011
0.0569346
0.0570343
0.0595968
0.0573773
0.0480263
0.0476787
0.0519438
0.0439847
0.0438347
0.0493321
0.0461295
0.0436087
0.0460846
0.0450094
0.0521703
0.0639338
0.0592773
0.0621257
0.0429139
0.0638294
0.0446589
0.0548596
0.0448539
0.0506392
0.0515666
0.0504348
0.0572836
0.0543187
0.0515454
0.0523648
0.0592997
0.0504348
0.0531321
0.0536807
0.0507433
0.0556183
0.0478141
0.043788
0.0440006
0.152758
0.0448914
0.0458848
0.0569997
0.0468938
0.0499225
0.0591033
0.0449984
0.0482655
0.0611284
0.0534914
0.0500612
0.0551584
0.0582962
0.0538917
0.0547721
0.0480716
0.0615911
0.0574443
0.0580006
0.0529816
0.0585763
0.046952
0.0591059
0.0574279
0.0524461
0.0600202
0.0508244
0.0607231
0.0516348
0.0589018
0.0483615
0.0791533
0.0525374
0.0551562
0.0481453
0.0555701
0.0450108
0.0500338
0.051976
0.0500493
0.0587881
0.0547254
0.0543056
0.0572655
0.0439262
0.0480969
0.0599043
0.0555067
0.0520661
0.0484958
0.0654671
0.0559304
0.0515897
0.0570714
0.0440102
0.0543454
0.0585718
0.064599
0.0562527
0.0554895
0.0528989
0.0467627
0.0476024
0.0465744
0.0484111
0.0468869
0.047214
0.0472379
0.0465317
0.0478442
0.0510027
0.0482926
0.0461295
0.0489163
0.0470896
0.0451217
0.0459073
0.045758
0.0454378
0.0466344
0.045783
0.0460403
0.0469377
0.0461712
0.0453346
0.045624
0.0456681
0.0464654
0.0456567
0.0469279
0.0459034
0.0463147
0.0453737
0.045511
0.0467002
0.0453911
0.0457728
0.0453348
0.0453858
0.0449128
0.0481486
0.0507746
0.05474
0.0565979
0.0434227
0.0447788
0.0442879
0.0442793
0.0459893
0.0472124
0.0463896
0.0459239
0.0456884
0.04617
0.0456922
0.0450702
0.0454068
0.0467041
0.0478363
0.0497692
0.048243
0.0472195
0.0488713
0.0491774
0.0489573
0.0476255
0.0469432
0.0493312
0.047478
0.0483203
0.0491884
0.0478592
0.0503209
0.0507009
0.0491822
0.0492997
0.0464652
0.046025
0.04673
0.048269
0.04795
0.0480473
0.0477588
0.0467012
0.0464668
0.0472648
0.0473766
0.0484469
0.0466893
0.0482838
0.0482635
0.0483162
0.046674
0.0471513
0.0483389
0.0468395
0.0476749
0.0483341
0.0471148
0.046571
0.0469844
0.047358
0.0482562
0.0467672
0.0480402
0.0477502
0.0456407
0.0464165
0.0466421
0.0505335
0.0471809
0.0473032
0.0483837
0.0466998
0.0466883
0.0470965
0.0468285
0.0485151
0.0471556
0.0469975
0.0475214
0.0475216
0.0455599
0.0483286
0.0503173
0.0472803
0.0463614
0.0561121
0.0478973
0.0458705
0.0471969
0.0466993
0.0474787
0.0466371
0.0469797
0.0485363
0.0470674
0.0463619
0.0475166
0.0441518
0.0465305
0.0477023
0.0470417
0.0471258
0.0461643
0.0462139
0.049433
0.047426
0.0469127
0.0481596
0.0463982
0.0473113
0.0465868
0.0478203
0.0475338
0.0470443
0.0474038
0.0502245
0.0492775
0.0458715
0.0457654
0.0488317
0.0469005
0.0489402
0.047931
0.0504785
0.0476861
0.0572717
0.049665
0.0495636
0.0490072
0.0469863
0.0486901
0.0468588
0.0489111
0.0468223
0.0473537
0.0477116
0.0471902
0.0487428
0.0499582
0.0499659
0.0466623
0.0509505
0.0491872
0.077152
0.0457585
0.0432572
0.0460377
0.0473289
0.0495634
0.0487852
0.049021
0.0513649
0.0482433
0.048923
0.046526
0.0507312
0.0487204
0.0470927
0.0488441
0.0506077
0.0489757
0.046699
0.0509803
0.0494223
0.0638845
0.0464511
0.0496116
0.0490911
0.0467882
0.0457833
0.0480683
0.0469115
0.0468514
0.0465207
0.0468626
0.0487826
0.0457907
0.0492251
0.0482588
0.0468802
