0.104834
0.074019
0.074198
0.0717959
0.0720248
0.0741136
0.074671
0.0738873
0.0714188
0.0721767
0.0730264
0.0727065
0.0720873
0.071851
0.0716591
0.0718579
0.0717208
0.0727959
0.0711663
0.0712893
0.0714381
0.071522
0.0743446
0.0716062
0.070982
0.0723715
0.071593
0.0739849
0.0718529
0.071228
0.0722089
0.0716994
0.0718298
0.0750551
0.0744352
0.0717359
0.0709913
0.0722573
0.0712945
0.0714984
0.0728374
0.0714393
0.0713079
0.0718167
0.0738819
0.071651
0.0715795
0.0716839
0.0726666
0.0723822
0.0712516
0.0715661
0.0731089
0.0730884
0.0720932
0.0718381
0.0726268
0.0722029
0.0711472
0.0730071
0.0718212
0.0716536
0.0711224
0.0709605
0.0748768
0.0714827
0.0715494
0.0719776
0.0718613
0.0715122
0.0719781
0.0747476
0.0728223
0.0718086
0.0734899
0.0718732
0.0721807
0.071682
0.0727208
0.071574
0.0712819
0.0727003
0.0711179
0.0712292
0.0722978
0.0721843
0.0717499
0.0718069
0.0720119
0.0712309
0.071872
0.0765243
0.0714693
0.0729825
0.0714695
0.0716696
0.0709612
0.0720708
0.0717771
0.0744319
0.0720122
0.0727174
0.0723059
0.0712724
0.0722513
0.0720699
0.071012
0.0722532
0.0757918
0.0719025
0.0715525
0.0713749
0.0741367
0.0723572
0.0707502
0.0739183
0.0715432
0.071528
0.071578
0.0735395
0.071774
0.0726099
0.0720298
0.0714574
0.0727406
0.0727742
0.0714836
0.0713747
0.0737944
0.0719054
0.07213
0.0718377
0.0723438
0.0717325
0.0712729
0.0736835
0.0721126
0.0723996
0.0717356
0.0712974
0.072499
0.0714369
0.0717757
0.0724916
0.0769641
0.072402
0.0718095
0.0714741
0.0738151
0.0717394
0.0723877
0.0718744
0.0720432
0.0744517
0.0713623
0.0724969
0.0715592
0.072155
0.071223
0.0715363
0.0719998
0.0732934
0.072901
0.0710659
0.0715475
0.0739565
0.0714514
0.0717978
0.0720549
0.0716841
0.0719068
0.0711496
0.0718987
0.0720291
0.0712698
0.0725336
0.0717142
0.0729632
0.0729153
0.071842
0.0719514
0.0715902
0.0726254
0.071691
0.0724263
0.0733104
0.0717902
0.0713816
0.0721593
0.07142
0.0720816
0.0734494
0.0736175
0.0723383
0.0714064
0.0747633
0.0720026
0.071353
0.0715511
0.0717711
0.0714772
0.0718541
0.0745635
0.0721097
0.0727482
0.0743644
0.0722802
0.0722301
0.0715327
0.0729454
0.0791607
0.0709722
0.0731394
0.0735128
0.0724912
0.0716891
0.0726931
0.0739648
0.071619
0.0750086
0.0714381
0.0720201
0.0718091
0.0715265
0.0729616
0.0721643
0.0721533
0.0717261
0.073132
0.0743618
0.0722106
0.0725212
0.0717099
0.0722215
0.0729823
0.0719371
0.0739307
0.0736432
0.0736239
0.0730274
0.071862
0.0721798
0.0863905
0.0727155
0.0970223
0.0770254
0.0846093
0.0715265
0.0723166
0.0731001
0.0713587
0.0722201
0.0751202
0.0724013
0.0736477
0.0716391
0.0723615
0.0718567
0.0717349
0.0717766
0.07266
0.071641
0.0720797
0.0715251
0.0714967
0.0725951
0.0719216
0.0719874
0.0716016
0.0726001
0.0726044
0.0729473
0.0729845
0.0785875
0.0729704
0.0716574
0.0747635
0.0735383
0.0711386
0.0717242
0.0719955
0.0715141
0.0715845
0.071296
0.0722525
0.0842359
0.0731208
0.0720289
0.071234
0.07427
0.0721581
0.0720565
0.0718405
0.0727291
0.0719554
0.0710273
0.0757854
0.072371
0.0716944
0.0716171
0.0725708
0.0717909
0.0717463
0.0715182
0.071229
0.073369
0.0714056
0.0734627
0.0758948
0.0730965
0.0715475
0.0717447
0.0751843
0.0719903
0.0716572
0.0717187
0.0812454
0.0730538
0.0713601
0.0809388
0.0734122
0.0716491
0.0716178
0.071696
0.0725653
0.0734682
0.079829
0.0718439
0.0777667
0.0739319
0.0725889
0.0714643
0.0723462
0.0723603
0.0722718
0.0714269
0.0748708
0.0723047
0.0718935
0.0723588
0.0724521
0.0714772
0.0717301
0.0738714
0.0726428
0.0742099
0.0718894
0.0724618
0.0723453
0.0717866
0.0739884
0.0739989
0.0724974
0.0719352
0.0720191
0.0719881
0.0744123
0.0831146
0.0719655
0.0721366
0.072428
0.0845249
0.0720785
0.0715725
0.0735455
0.0736554
0.0718021
0.0719814
0.0724132
0.0716999
0.0737524
0.0731225
0.0800149
0.0725265
0.0718961
0.0717332
0.0735137
0.0719571
0.0723422
0.0768118
0.0725353
0.0718093
0.0720868
0.0725615
0.0723801
0.0735722
0.0716693
0.0717852
0.0770929
0.0721805
0.0727429
0.0717998
0.0724859
0.0738835
0.0808549
0.0718544
0.078558
0.0724537
0.0738933
0.0714695
0.0749779
0.0717113
0.0718708
0.0730863
0.0741708
0.0734096
0.0719261
0.0791683
0.0721924
0.0721874
0.0727131
0.0720091
0.0725272
0.072391
0.0715902
0.0718203
0.081578
0.0718229
0.0850725
0.0710084
0.0718358
0.071238
0.071322
0.0725365
0.0716963
0.071677
0.0723519
0.0725605
0.0755477
0.0722723
0.0707343
0.0826316
0.0727262
0.0720694
0.0715747
0.0714459
0.0742996
0.0779872
0.071408
0.0715766
0.0716696
0.0734847
0.0729394
0.072561
0.0722072
0.0718284
0.0739686
0.0968869
0.0988169
0.0769136
0.0734258
0.0729396
0.0724745
0.0717854
0.0722003
0.0722349
0.0766363
0.0713954
0.073503
0.0715098
0.072068
0.0722356
0.0737784
0.0721722
0.0714381
0.0718534
0.0724118
0.0734227
0.0748808
0.0710106
0.072871
0.0712826
0.0728076
0.072458
0.0726202
0.0725431
0.0749373
0.073328
0.0728891
0.0718284
0.0723548
0.0715964
0.0811894
0.073828
0.0723751
0.07253
0.0720677
0.072365
0.0734391
0.072397
0.0726874
0.0721583
0.073168
0.0720079
0.0722115
0.0767767
0.074332
0.0831873
0.0734503
0.0719547
0.0723202
0.0732367
0.0816314
0.071641
0.0779023
0.071692
0.0718281
0.0724411
0.072803
0.0725083
0.0722511
0.0723417
0.0718212
0.0725739
0.0722852
0.0732803
0.0753348
0.0762784
0.0833168
0.0715063
0.0717893
0.0743346
0.0716054
0.071435
0.0717027
0.0722187
0.0716286
0.0717115
0.0755963
0.0815823
0.071528
0.0724142
0.0720723
0.0734458
0.0730059
0.073113
0.0756359
0.0719254
0.0715621
0.0716076
0.0734906
0.0731566
0.0750215
0.0715866
0.0728137
0.0716317
0.0712824
0.0720761
0.0721698
0.0737791
0.0743473
0.0727019
0.0715313
0.0715346
0.0739644
0.0743887
0.0715885
0.0717194
0.0722232
0.0743277
0.0749235
0.0781169
0.076263
0.0761878
0.0748255
0.0749464
0.0748909
0.0766194
0.0785751
0.0772336
0.0753288
0.0764222
0.0748525
0.0766366
0.076369
0.0782681
0.0750132
0.0763042
0.0755179
0.0750868
0.0764782
0.0765119
0.0761025
0.0755098
0.0765536
0.0751626
0.0742059
0.076179
0.0773318
0.0753515
0.0762022
0.0765803
0.0755215
0.0757449
0.0790129
0.0760553
0.0748057
0.0757248
0.0783031
0.0750914
0.0791955
0.0762613
0.075232
0.0754981
0.0751381
0.0746622
0.0756612
0.0804217
0.0759001
0.0765331
0.0753999
0.0748117
0.0771668
0.079215
0.0767338
0.0759938
0.0760138
0.0750256
0.076833
0.075783
0.0764904
0.0758181
0.0761428
0.0732362
0.0714293
0.0721879
0.0716529
0.0752182
0.0761096
0.074486
0.0764866
0.0756617
0.0767913
0.0758002
0.0751109
0.0749102
0.075542
0.0805652
0.0848343
0.0771585
0.0752761
0.0758798
0.0727592
0.077832
0.0717351
0.0740104
0.0751677
0.0801988
0.0842614
0.0863962
0.0789688
0.0756536
0.0755773
0.0766306
0.0748112
0.0768321
0.0757365
0.0759735
0.0752172
0.0768001
0.0756176
0.0740428
0.0753553
0.0803494
0.0753725
0.0756676
0.0778782
0.0768626
0.0764163
0.080472
0.0780263
0.0765581
0.0768516
0.0771096
0.0773094
0.0790396
0.0797911
0.0764742
0.076457
0.0765867
0.0764503
0.0766811
0.0791898
0.0765312
0.0770786
0.0775731
0.0800307
0.0778556
0.0814495
0.0778811
0.0778468
0.0789285
0.076901
0.078094
0.0783992
0.0781293
0.0773659
0.0790181
0.0785782
0.0799499
0.0772135
0.0782137
0.0782986
0.0774045
0.0787327
0.0781429
0.0761173
0.0767014
0.0755513
0.0746038
0.076107
0.0739357
0.076158
0.0779068
0.0761693
0.0753877
0.0750668
0.0754292
0.0760593
0.0747924
0.0763638
0.0756156
0.0761423
0.0751903
0.0758755
0.0755432
0.079957
0.0762
0.0747197
0.0758936
0.0756216
0.0753326
0.0770669
0.0776467
0.0749753
0.0751603
0.0757134
0.0757775
0.0750196
0.0771649
0.0762813
0.0755196
0.0757418
0.0746982
0.0757434
0.0764263
0.0783331
0.0748837
0.0759907
0.0747967
0.0754955
0.0769465
0.0784631
0.0756583
0.0756106
0.0754173
0.0755305
0.075834
0.0787885
0.0757191
0.0754323
0.0750287
0.0753508
0.0764604
0.0756879
0.0781937
0.0770164
0.076514
0.0778697
0.077445
0.0780544
0.0802076
0.0770502
0.0775428
0.0770502
0.0876474
0.0842218
0.0814552
0.0776777
0.077549
0.078696
0.0780039
0.0766435
0.0821052
0.0793176
0.0773652
0.0784781
0.0781226
0.0781438
0.0794604
0.0785594
0.0776861
0.077141
0.0790768
0.0773628
0.0828385
0.0798776
0.0777814
0.0775852
0.0784848
0.0783703
0.0748687
0.0771976
0.0766671
0.0743482
0.0758982
0.0764318
0.074759
0.0783601
0.0762026
0.0774374
0.0755422
0.0764906
0.0764501
0.0770104
0.0768037
0.0753086
0.0760071
0.0759511
0.0764127
0.0761542
0.0759327
0.076174
0.0757987
0.0743983
0.0773795
0.0758412
0.0760694
0.0764074
0.0758777
0.0748966
0.0745988
0.0758471
0.0749464
0.0762675
0.0755072
0.0748637
0.0752866
0.0778906
0.0762181
0.0789697
0.0801609
0.0881228
0.091785
0.0915956
0.0781085
0.0867994
0.0773859
0.0774307
0.0755978
0.0781825
0.076268
0.0779912
0.0783165
0.0774338
0.0761604
0.0762312
0.0768113
0.077332
0.0783823
0.0791602
0.0769973
0.0773504
0.0798347
0.0773063
0.0782764
0.07814
0.0783658
0.077101
0.079422
0.0775373
0.0812631
0.0788143
0.0789599
0.0776427
0.0779412
0.0778596
0.0795639
0.0807703
0.0794692
0.0771396
0.0778408
0.0782168
0.0784347
0.0773396
0.077733
0.0769823
0.0824504
0.0809929
0.0781913
0.0776699
0.0779495
0.0772939
0.0787115
0.0830894
0.0751534
0.0759408
0.0767746
0.0742588
0.07428
0.0775368
0.075635
0.0771294
0.0763445
0.0756609
0.0742793
0.0748935
0.0771492
0.0753603
0.074882
0.0763221
0.0745032
0.0746648
0.077122
0.0764203
0.0794499
0.0789552
0.0772383
0.0756629
0.0766637
0.0777564
0.0771296
0.0775056
0.0775468
0.0761666
0.0757105
0.0782037
0.0776429
0.0782197
0.0775936
0.0770183
0.076195
0.0775876
0.0777769
0.0796733
0.0791121
0.0783243
0.0771928
0.0773785
0.0789165
0.0779135
0.0773282
0.0785995
0.0769842
0.0779974
0.0783341
0.0779891
0.0782192
0.0785301
0.0779824
0.0773618
0.0786493
0.0781677
0.0785644
0.0792565
0.0779667
0.0774972
0.0777693
0.0787148
0.0797908
0.0780163
0.0768332
0.0769584
0.0767663
0.0776098
0.0797713
0.0898104
0.0774462
0.077394
0.0790155
0.078582
0.0780861
0.0784583
0.0781093
0.0763705
0.0781708
0.0786705
0.078001
0.0771797
0.0789766
0.0775657
0.076472
0.0785534
0.0781662
0.0780466
0.0787914
0.0768099
0.0763187
0.0772269
0.0776551
0.0775812
0.0809484
0.0752461
0.0740056
0.0755293
0.0754204
0.0758452
0.0767639
0.0780125
0.0752027
