0.114715
0.0733585
0.071806
0.0743399
0.0722954
0.0720358
0.0766704
0.072438
0.0723438
0.0742946
0.0727565
0.0738645
0.072118
0.073117
0.0724783
0.0720301
0.0728579
0.0711689
0.0720317
0.0716584
0.0711017
0.0722089
0.0717683
0.0726433
0.0709844
0.071784
0.0712457
0.0711448
0.0716963
0.071264
0.0722828
0.0708284
0.0711329
0.0763464
0.0710196
0.0739086
0.0723319
0.0717864
0.0711112
0.0715506
0.0717549
0.0712571
0.0719769
0.0735357
0.0718312
0.0714877
0.0723689
0.0754025
0.0717881
0.0719345
0.0748188
0.0727129
0.071804
0.072983
0.0712261
0.0725546
0.0716588
0.0718076
0.0711958
0.0709109
0.0724072
0.0714688
0.0724344
0.0721591
0.072448
0.0710464
0.0734098
0.0716457
0.0720022
0.0725062
0.0740883
0.0722399
0.0721002
0.0718017
0.0727713
0.0739179
0.0721385
0.0721619
0.071213
0.0711575
0.072365
0.075568
0.0716584
0.0726624
0.0776715
0.072602
0.0716164
0.0718968
0.0716374
0.0724325
0.0764947
0.072917
0.0724652
0.0731409
0.0720248
0.073252
0.072293
0.0715976
0.0719769
0.0709763
0.0734911
0.0714421
0.0714443
0.0721874
0.0739577
0.0713966
0.0717781
0.0714846
0.072134
0.0718644
0.0727665
0.0728416
0.072439
0.0722404
0.0728722
0.0721602
0.0754654
0.0716834
0.0719767
0.0720479
0.0717733
0.0734236
0.0715139
0.0734329
0.0742896
0.0713608
0.0715559
0.0734332
0.0720348
0.0713687
0.0737391
0.0711744
0.071753
0.072161
0.0716636
0.0718205
0.0722623
0.0736964
0.0775526
0.0798082
0.0728087
0.0769205
0.0726829
0.0732353
0.0740597
0.0725181
0.071703
0.0713019
0.0773661
0.072612
0.073303
0.0711365
0.0741258
0.0736301
0.0716574
0.0714419
0.0722239
0.0727055
0.0742025
0.0775101
0.0731397
0.0774486
0.0757632
0.0762756
0.0724041
0.076586
0.0721533
0.0716414
0.0719669
0.0714378
0.0736432
0.0725904
0.0727918
0.0718703
0.0725415
0.0713944
0.0720963
0.0738096
0.0714896
0.0719168
0.072192
0.071517
0.0728157
0.0738587
0.0735607
0.0721426
0.0755243
0.0715742
0.0726395
0.0716197
0.0726762
0.0720496
0.0720813
0.071667
0.0716717
0.0719504
0.0792353
0.0738719
0.0717549
0.0728364
0.0717406
0.0721443
0.0715935
0.0732224
0.0792451
0.0718496
0.0876436
0.072212
0.0774333
0.0751948
0.0851188
0.0710692
0.0719736
0.0865893
0.0718787
0.072011
0.0739996
0.0760646
0.0714302
0.0712035
0.0711508
0.0716815
0.0719485
0.0723088
0.0712245
0.0718961
0.0716367
0.0740547
0.0714149
0.0719361
0.0721166
0.0729671
0.073019
0.0712492
0.0728509
0.0796173
0.0743599
0.0712976
0.0718625
0.0746536
0.0721352
0.0714564
0.0723798
0.0740809
0.0732515
0.0776496
0.072263
0.0730107
0.0716021
0.0782523
0.0721376
0.0728574
0.0736358
0.0718536
0.0776553
0.0778449
0.0810332
0.0796227
0.0723546
0.0720384
0.0715654
0.0714049
0.0745766
0.0714402
0.0719283
0.0787582
0.0719328
0.0733898
0.0714648
0.0721138
0.0725362
0.0728078
0.0714588
0.0715058
0.0718443
0.0734999
0.0746515
0.0725951
0.072463
0.0718787
0.071573
0.0719607
0.0755973
0.0718668
0.0718489
0.0721347
0.0713458
0.0720241
0.0721204
0.0727429
0.0719357
0.0729926
0.0723488
0.0718033
0.0717678
0.0723472
0.0739336
0.0725064
0.0712037
0.0736094
0.0719252
0.0718124
0.072304
0.0726213
0.0746717
0.0715594
0.0720458
0.0728371
0.0733609
0.0761523
0.0718102
0.0721285
0.0714748
0.0717072
0.0716147
0.0795913
0.0848241
0.0712967
0.071296
0.0723052
0.0719082
0.0714223
0.0728254
0.0726035
0.0722466
0.0716076
0.0729716
0.0715559
0.0777824
0.0757837
0.0719416
0.0726593
0.0720735
0.0717554
0.0718539
0.0724275
0.0752828
0.071223
0.0724587
0.071352
0.0712435
0.0717037
0.078624
0.0724001
0.0714595
0.0734963
0.0835896
0.0712788
0.0722911
0.0736928
0.0717354
0.0724216
0.0723677
0.072859
0.0715795
0.0727704
0.0724974
0.0718522
0.0718408
0.0714042
0.0715687
0.0715475
0.0749037
0.0717411
0.07162
0.0714133
0.0730603
0.07147
0.0727277
0.0774467
0.071223
0.0725019
0.0714853
0.0811696
0.071876
0.0731859
0.0878735
0.0801489
0.0727522
0.0718732
0.0716462
0.0717807
0.0730369
0.074419
0.071667
0.0711389
0.0748353
0.0736704
0.073987
0.0769997
0.0715797
0.0717564
0.0735242
0.0716655
0.0722084
0.0728171
0.0712907
0.072319
0.0718091
0.0719371
0.0713425
0.0741687
0.0835836
0.0806987
0.0795462
0.0733767
0.0718277
0.0730155
0.0722592
0.0761876
0.0725963
0.096628
0.0853829
0.0877478
0.0723834
0.0723741
0.0722747
0.0716047
0.0714517
0.0714996
0.072325
0.0717266
0.0712428
0.0722938
0.0726717
0.0791132
0.072819
0.0762827
0.0801198
0.0718088
0.0715833
0.0733519
0.0726321
0.075098
0.0808976
0.0736718
0.0724595
0.0792258
0.0808218
0.0724654
0.0750563
0.0720513
0.0723994
0.0724912
0.0755756
0.0715823
0.0765905
0.0735674
0.0727527
0.0720513
0.0721548
0.0727067
0.0717015
0.0725853
0.0718291
0.0713081
0.0713093
0.0731781
0.0723503
0.0744338
0.0883865
0.0724716
0.0718613
0.0731468
0.0723429
0.0717382
0.0725195
0.0726542
0.0717106
0.0724797
0.0739529
0.0719154
0.0713918
0.0749083
0.071105
0.0713599
0.0731471
0.0745933
0.0718348
0.080035
0.0743008
0.0710418
0.0719793
0.0712883
0.072037
0.0714452
0.0752282
0.0715444
0.0724914
0.0716858
0.0731356
0.0716453
0.0734363
0.0826533
0.0711734
0.0816569
0.0726254
0.0742638
0.0719874
0.0930736
0.0733793
0.0720444
0.0714681
0.0716994
0.0717959
0.0725625
0.0818543
0.0740891
0.0806077
0.0729601
0.0727658
0.0718601
0.0730641
0.0772321
0.0718114
0.0719068
0.0712039
0.0712829
0.0731931
0.0736091
0.0722857
0.0723431
0.0723436
0.0726781
0.0714369
0.0751925
0.0710065
0.0756373
0.0722289
0.0718417
0.0738041
0.0715971
0.0781858
0.0714729
0.0714443
0.0719476
0.0716598
0.0739017
0.0725605
0.075083
0.0725992
0.0714865
0.0723398
0.0708928
0.071485
0.0718436
0.0719314
0.0794973
0.0715029
0.0713177
0.0715077
0.0720699
0.0721436
0.0719202
0.0713727
0.0718863
0.0713663
0.0713046
0.0763865
0.0742247
0.0726421
0.0712702
0.0715566
0.071738
0.0722642
0.0723617
0.0849602
0.0724618
0.0711944
0.0715263
0.0737743
0.0731132
0.0723317
0.0797381
0.0753493
0.0717938
0.0720737
0.0728147
0.072037
0.0757084
0.072789
0.0750983
0.0723593
0.0718613
0.0804043
0.0751283
0.0719931
0.0826962
0.07213
0.0732403
0.0748892
0.0715783
0.0743883
0.0808399
0.081069
0.0735991
0.0712705
0.0722556
0.0853264
0.0712473
0.0738792
0.0713217
0.0713725
0.0725451
0.0825648
0.0750382
0.0715673
0.071665
0.0710649
0.0719242
0.0839195
0.0743527
0.072365
0.0746701
0.07323
0.0754442
0.078078
0.0803671
0.073241
0.0719054
0.0715001
0.0737653
0.0715413
0.0756829
0.0724185
0.0739472
0.0719459
0.0713227
0.0718679
0.074805
0.0721157
0.0747595
0.0713859
0.074163
0.0725098
0.0753059
0.075141
0.0719092
0.0733061
0.0709546
0.0711303
0.0716467
0.0714154
0.0759172
0.076509
0.0747805
0.0777762
0.078356
0.0785372
0.082886
0.0798497
0.0795825
0.077817
0.078198
0.0774989
0.0776463
0.07935
0.0819583
0.0774529
0.0776424
0.0773888
0.0773368
0.0776408
0.0802355
0.0781107
0.0787318
0.0778654
0.0798707
0.0819919
0.0928979
0.0762997
0.0775912
0.076864
0.0777197
0.0785809
0.0791206
0.0784757
0.0768049
0.077888
0.0931685
0.0766385
0.0785723
0.0801928
0.0788047
0.0783479
0.078079
0.0789137
0.0782988
0.0784481
0.0788584
0.0785141
0.0772941
0.0778868
0.079895
0.0795262
0.077404
0.0786617
0.0769846
0.0782363
0.07845
0.082195
0.0774603
0.0781803
0.0782993
0.0786636
0.0795088
0.0816233
0.077666
0.0782826
0.0775082
0.077764
0.0790477
0.0799015
0.0797758
0.0778155
0.0774939
0.0770638
0.0930762
0.0790918
0.0790186
0.0778108
0.0782013
0.0778129
0.0791528
0.0787325
0.0794775
0.0802369
0.0782204
0.0769794
0.0788803
0.0784304
0.0786457
0.0774293
0.0794492
0.0771549
0.0798035
0.078774
0.0805686
0.0780752
0.0781209
0.0779595
0.0788622
0.0792177
0.0796642
0.0782313
0.080286
0.076858
0.077847
0.0778677
0.0797799
0.0775018
0.0785944
0.0784886
0.0781112
0.0778801
0.0804744
0.0792341
0.0775459
0.0785885
0.0780056
0.0781538
0.079241
0.0786774
0.0779207
0.0791552
0.076643
0.0784419
0.0800374
0.0778193
0.077831
0.0798333
0.0792153
0.0804508
0.0793021
0.0816278
0.0803103
0.0802803
0.0795157
0.0810008
0.0797036
0.0819116
0.080646
0.0802374
0.0784361
0.079371
0.0804231
0.0821261
0.0829265
0.0843599
0.079845
0.0806241
0.0809503
0.0829184
0.0805106
0.0806069
0.0801749
0.0825601
0.0830185
0.0835788
0.0808187
0.083652
0.0811081
0.0814829
0.0803137
0.0811119
0.0830526
0.0876553
0.0900872
0.085252
0.0807915
0.0804548
0.0801764
0.0778785
0.0775199
0.0782816
0.0809579
0.0788028
0.0777085
0.0772448
0.0785379
0.0773787
0.0786045
0.0779769
0.0783017
0.0817821
0.0787275
0.0796525
0.0804343
0.0730932
0.0766006
0.0815542
0.0777092
0.0801933
0.0817597
0.0807652
0.0788205
0.0814447
0.0777795
0.0799999
0.080642
0.0830419
0.0775948
0.0767343
0.0763369
0.0771742
0.0804904
0.0790493
0.0777421
0.0775137
0.0776813
0.0775974
0.0802505
0.078711
0.0781121
0.0860846
0.0752213
0.0774028
0.0798218
0.0773172
0.0786347
0.078784
0.0788109
0.0800264
0.080411
0.0816109
0.080126
0.0803926
0.079412
0.0785675
0.0804653
0.0799284
0.0805128
0.198352
0.0732708
0.0758646
0.0811872
0.079124
0.0802691
0.0796888
0.0789351
0.0795736
0.0834489
0.0796754
0.0793848
0.0803308
0.0791392
0.0787759
0.082732
0.0805323
0.0800242
0.0795281
0.0783391
0.0805669
0.0828543
0.0804365
0.0797055
0.080718
0.0804875
0.081033
0.0778718
0.0795963
0.0819683
0.0813336
0.0794437
0.0807109
0.080744
0.0824852
0.0805838
0.0789406
0.0803874
0.0849092
0.0807822
0.0811105
0.077889
0.0766418
0.0782552
0.0786662
0.0781765
0.0780346
0.0771501
0.0799239
0.0775442
0.0779126
0.0792809
0.0776439
0.0769532
0.0783508
0.0772653
0.0770707
0.0797853
0.0765584
0.0788956
0.0800447
0.0799005
0.0790145
0.0825102
0.0786788
0.074084
0.0756583
0.0772955
0.0800452
0.0796285
0.078918
0.079195
0.0794022
0.0794353
0.0790179
0.0804381
0.0793431
0.0775685
0.0776944
0.0777321
0.0766962
0.0817022
0.0768898
0.0769074
0.0777884
0.0783827
0.0768349
0.0790491
0.0796027
0.0776343
0.0766859
0.0771155
0.0781519
0.0811632
0.0774789
0.0773559
0.0779905
0.0774279
0.0780756
0.0795286
0.0778112
0.0769598
0.0770688
0.0779295
0.07865
0.077759
0.0777903
0.0777519
0.0769136
0.077276
0.0773494
0.0783558
0.0788791
0.0772333
0.0780334
0.0781407
0.0763776
0.077055
0.0797391
0.0781646
0.0882146
0.0851736
0.0848956
0.0803101
0.0807791
0.0786009
0.0790358
0.0790265
